    0    0    0    0     -0.000000000009
   15   15    0    0      0.948445987974
   15   15   15   15     27.345622635528
   15   14    0    0     -1.069019023093
   15   15   15   14    -88.048286867646
   14   14    0    0      1.531016944771
   15   15   14   14    141.345667130513
   15   14   14   14    -67.064416556367
   14   14   14   14     -0.282673873493
   15   13    0    0      0.117376554899
   15   15   15   13     -3.135484030324
   14   13    0    0     -0.426587859785
   15   15   14   13      6.232303782504
   15   14   14   13    -13.541139597026
   14   14   14   13      0.821677874061
   13   13    0    0      0.462505322111
   15   15   13   13     57.168726770960
   15   14   13   13      6.873448362655
   14   14   13   13     74.139660521547
   15   13   13   13     -2.597395828256
   14   13   13   13    -21.053251147363
   13   13   13   13    -38.101000874395
   15   12    0    0     -0.002905883339
   15   15   15   12      0.104233541093
   14   12    0    0      0.000562448890
   15   15   14   12     -0.035941977661
   15   14   14   12     -0.135416546429
   14   14   14   12      0.333121545935
   13   12    0    0      0.019026557250
   15   15   13   12     -0.038320732912
   15   14   13   12     -0.004359813653
   14   14   13   12     -0.071164661814
   15   13   13   12      0.285305471019
   14   13   13   12      0.157779077410
   13   13   13   12     -1.455948617960
   12   12    0    0      0.121290283450
   15   15   12   12     59.712547892188
   15   14   12   12      0.032174105451
   14   14   12   12     59.833029449843
   15   13   12   12      0.245027154702
   14   13   12   12     -0.031295167014
   13   13   12   12     59.842079999075
   15   12   12   12      0.024448951311
   14   12   12   12      0.027847392313
   13   12   12   12     -0.221074999208
   12   12   12   12    -63.892079260294
   11    0    0    0      0.000000007844
   15   15   11    0     -3.697001574673
   15   14   11    0      1.950508122758
   14   14   11    0     -2.972501277752
   15   13   11    0     -0.170622187209
   14   13   11    0     -0.032272528860
   13   13   11    0     -1.613811839445
   15   12   11    0      0.084446997233
   14   12   11    0     -0.121189514204
   13   12   11    0      0.037665353514
   12   12   11    0     -1.610465125796
   11   11    0    0      2.495984757427
   15   15   11   11    272.842047104254
   15   14   11   11   -111.139621501476
   14   14   11   11    250.731392690934
   15   13   11   11     -4.209670995506
   14   13   11   11     16.343676951673
   13   13   11   11    144.754871711729
   15   12   11   11     -0.281244682515
   14   12   11   11     -0.057116092869
   13   12   11   11      0.240189950706
   12   12   11   11    156.242041340663
   11   11   11    0     -4.271111453655
   11   11   11   11   1441.350065734733
   10    0    0    0      0.000000000474
   15   15   10    0     -1.453944007047
   15   14   10    0      1.371536283862
   14   14   10    0     -3.616119693177
   15   13   10    0      0.008691474388
   14   13   10    0      0.898922682270
   13   13   10    0     -1.439653458254
   15   12   10    0     -0.123549614952
   14   12   10    0      0.142942255248
   13   12   10    0     -0.021775259625
   12   12   10    0     -0.635011738942
   11   10    0    0     -2.497061531190
   15   15   11   10   -111.023796179963
   15   14   11   10    108.438157066252
   14   14   11   10    -87.244414498084
   15   13   11   10      3.631724769438
   14   13   11   10    -19.515833897098
   13   13   11   10     16.960713083040
   15   12   11   10      0.148669619801
   14   12   11   10      0.255049097778
   13   12   11   10     -0.084144391941
   12   12   11   10      2.120866175055
   11   11   10    0      1.533845144461
   11   11   11   10  -1291.564608597033
   10   10    0    0      3.776041582802
   15   15   10   10    130.280802700836
   15   14   10   10    -97.347463192341
   14   14   10   10    128.130351912885
   15   13   10   10     -7.030794291989
   14   13   10   10     -3.308170658394
   13   13   10   10     37.875846497565
   15   12   10   10      0.192305820344
   14   12   10   10     -0.456724152835
   13   12   10   10      0.375269435300
   12   12   10   10     25.900033742368
   11   10   10    0     -4.147803373437
   11   11   10   10   1378.597267280682
   10   10   10    0      1.465749918822
   11   10   10   10  -1178.423757449347
   10   10   10   10   1223.745069158753
    9    0    0    0      0.000000000752
   15   15    9    0     -0.605396439124
   15   14    9    0      0.090710525162
   14   14    9    0     -0.986935883001
   15   13    9    0     -0.218809481580
   14   13    9    0      0.483607654803
   13   13    9    0     -0.763839257413
   15   12    9    0      0.040765834385
   14   12    9    0     -0.017381419632
   13   12    9    0     -0.020918175691
   12   12    9    0     -0.472573994458
   11    9    0    0     -0.049722299786
   15   15   11    9     -1.889486188783
   15   14   11    9     -0.893761992176
   14   14   11    9     -3.241550757779
   15   13   11    9      1.094749236294
   14   13   11    9      2.530871747894
   13   13   11    9     -4.456195452887
   15   12   11    9     -0.120330854260
   14   12   11    9      0.045342063711
   13   12   11    9      0.003923826298
   12   12   11    9     -1.719279128130
   11   11    9    0     -1.062295598465
   11   11   11    9     -0.283328899410
   10    9    0    0     -1.250298488752
   15   15   10    9     10.493286008735
   15   14   10    9    -11.066515203317
   14   14   10    9    -10.679974224032
   15   13   10    9      2.613272324128
   14   13   10    9     22.935235603539
   13   13   10    9    -25.394171967038
   15   12   10    9      0.145181787940
   14   12   10    9     -0.167416854410
   13   12   10    9      0.030954691012
   12   12   10    9      1.556714617946
   11   10    9    0      0.129722279286
   11   11   10    9     21.629281850655
   10   10    9    0      1.814220809567
   11   10   10    9    -75.734419640351
   10   10   10    9   -163.033864820022
    9    9    0    0      2.044568636859
   15   15    9    9     17.247124935510
   15   14    9    9     11.323657493349
   14   14    9    9     41.096032361972
   15   13    9    9     -2.932419984130
   14   13    9    9    -26.399238546819
   13   13    9    9     55.832526332562
   15   12    9    9     -0.175313673604
   14   12    9    9      0.140944019300
   13   12    9    9     -0.237496145050
   12   12    9    9     25.538759561447
   11    9    9    0     -1.215576238975
   11   11    9    9     92.616894194101
   10    9    9    0     -2.424749577647
   11   10    9    9     51.670544683452
   10   10    9    9    226.747719272302
    9    9    9    0      2.684716074421
   11    9    9    9    -29.827008848810
   10    9    9    9   -295.923865169964
    9    9    9    9    225.642462989403
    8    0    0    0      0.000000012259
   15   15    8    0     -0.315344199347
   15   14    8    0     -0.116669818405
   14   14    8    0     -0.330179962788
   15   13    8    0      0.090929117109
   14   13    8    0      0.093995203427
   13   13    8    0     -0.930302629157
   15   12    8    0     -0.006602934476
   14   12    8    0     -0.000598653237
   13   12    8    0     -0.089298803143
   12   12    8    0     -0.678529065657
   11    8    0    0      0.030963495891
   15   15   11    8     -1.363705313276
   15   14   11    8      0.395435105184
   14   14   11    8     -0.556616543621
   15   13   11    8     -0.023542994922
   14   13   11    8     -0.119894873424
   13   13   11    8      0.889882408751
   15   12   11    8      0.174392546201
   14   12   11    8     -0.287311720737
   13   12   11    8      2.011182038358
   12   12   11    8     -0.322668981819
   11   11    8    0     -1.029531692634
   11   11   11    8     -1.782558857300
   10    8    0    0     -0.015977979333
   15   15   10    8      0.655249664142
   15   14   10    8     -2.204757775134
   14   14   10    8     -0.470192666264
   15   13   10    8     -0.165236935944
   14   13   10    8     -0.409386506649
   13   13   10    8     -1.076468362903
   15   12   10    8      1.692479659533
   14   12   10    8      0.362300514822
   13   12   10    8      0.041854212110
   12   12   10    8     -2.024902253946
   11   10    8    0      0.853129257432
   11   11   10    8      2.205535472225
   10   10    8    0     -1.864575225790
   11   10   10    8     -3.884380886216
   10   10   10    8      7.537101563101
    9    8    0    0     -0.326690204690
   15   15    9    8      1.879361660164
   15   14    9    8      0.171776656759
   14   14    9    8      1.689971368923
   15   13    9    8     -0.210143017999
   14   13    9    8      0.463448190609
   13   13    9    8      1.032685811913
   15   12    9    8      0.120766838228
   14   12    9    8     -0.044470099164
   13   12    9    8     -0.007847664503
   12   12    9    8      2.114965919073
   11    9    8    0     -0.073529971917
   11   11    9    8     -1.011817198147
   10    9    8    0      0.830885967056
   11   10    9    8      4.181508668179
   10   10    9    8     -4.962768459961
    9    9    8    0     -2.464804538339
   11    9    9    8     -2.119718345399
   10    9    9    8      4.745318851328
    9    9    9    8     -6.568728248129
    8    8    0    0     14.655466103593
   15   15    8    8     26.773344710761
   15   14    8    8      0.154911115115
   14   14    8    8     26.258346833524
   15   13    8    8     -0.043333408421
   14   13    8    8      0.196372138592
   13   13    8    8     27.580725604646
   15   12    8    8      0.167392599650
   14   12    8    8     -0.015461185236
   13   12    8    8      0.191758648325
   12   12    8    8     27.373411014590
   11    8    8    0     -1.248140681139
   11   11    8    8    114.348663340308
   10    8    8    0     -0.425327831562
   11   10    8    8     -0.179748185344
   10   10    8    8    -14.953138898397
    9    8    8    0      0.959182940223
   11    9    8    8      0.689188496794
   10    9    8    8      0.624758366749
    9    9    8    8    -14.162410565873
    8    8    8    0   -117.178262626598
   11    8    8    8      0.675794174849
   10    8    8    8      0.354766618956
    9    8    8    8     -3.300363248911
    8    8    8    8    667.169429436691
    7    0    0    0     -0.000000007705
   15   15    7    0     -0.197298638450
   15   14    7    0     -0.025293913351
   14   14    7    0     -0.198156006824
   15   13    7    0     -0.000053855263
   14   13    7    0      0.000714820612
   13   13    7    0     -0.180800049738
   15   12    7    0      0.002518092805
   14   12    7    0      0.001504216564
   13   12    7    0     -0.025615583419
   12   12    7    0     -0.303320277748
   11    7    0    0     -0.013362146416
   15   15   11    7     -0.248103236041
   15   14   11    7     -0.032262484478
   14   14   11    7      0.074609070792
   15   13   11    7      0.064525221160
   14   13   11    7     -0.012643393491
   13   13   11    7     -0.202411533092
   15   12   11    7     -0.148669652472
   14   12   11    7      0.253305188387
   13   12   11    7     -0.064525243227
   12   12   11    7     -0.107805598814
   11   11    7    0      0.157439828410
   11   11   11    7      0.360206576894
   10    7    0    0     -0.012533745288
   15   15   10    7      0.191525313595
   15   14   10    7      0.107251600341
   14   14   10    7     -0.247681452106
   15   13   10    7     -0.062781348523
   14   13   10    7      0.003051934798
   13   13   10    7      0.112612654355
   15   12   10    7      0.213630860565
   14   12   10    7     -0.310418725691
   13   12   10    7      0.044470096199
   12   12   10    7      0.084796579198
   11   10    7    0      0.307670356366
   11   11   10    7     -0.275248202739
   10   10    7    0     -0.774952831422
   11   10   10    7      0.379090028207
   10   10   10    7     -0.407752220039
    9    7    0    0      0.072162414343
   15   15    9    7     -0.099022467430
   15   14    9    7     -0.035750300513
   14   14    9    7     -0.035893269837
   15   13    9    7      0.003487835208
   14   13    9    7      0.030082793724
   13   13    9    7      0.172681856628
   15   12    9    7     -0.119458897749
   14   12    9    7      0.030082709448
   13   12    9    7      1.936193242958
   12   12    9    7      0.159252831315
   11    9    7    0     -0.092147433367
   11   11    9    7     -0.052103230460
   10    9    7    0      0.062585863657
   11   10    9    7      0.009230432730
   10   10    9    7     -0.329451888947
    9    9    7    0     -0.545619540946
   11    9    9    7     -0.292929171086
   10    9    9    7      0.476222598635
    9    9    9    7     -0.696587922477
    8    7    0    0     -0.332057590028
   15   15    8    7      0.085651925591
   15   14    8    7     -0.122074779216
   14   14    8    7      0.196914288699
   15   13    8    7      0.042726173679
   14   13    8    7     -0.040110285791
   13   13    8    7      0.115734601307
   15   12    8    7      0.003051869157
   14   12    8    7     -0.003051869612
   13   12    8    7      0.153465441363
   12   12    8    7      0.359361032339
   11    8    7    0     -0.035769184666
   11   11    8    7     -0.775677273319
   10    8    7    0      0.024099755792
   11   10    8    7      1.175512042934
   10   10    8    7     -1.667880393378
    9    8    7    0      0.308262358676
   11    9    8    7     -0.342125463149
   10    9    8    7     -0.776464397795
    9    9    8    7      0.107712016458
    8    8    7    0      0.350969020880
   11    8    8    7     -0.027975990159
   10    8    8    7     -0.127174562163
    9    8    8    7     -0.234505866179
    8    8    8    7     -2.062384203948
    7    7    0    0      0.550757180787
   15   15    7    7     27.228017493154
   15   14    7    7     -0.112308117683
   14   14    7    7     27.262286899961
   15   13    7    7      0.202908866714
   14   13    7    7      0.192286357721
   13   13    7    7     26.824386602886
   15   12    7    7     -0.036198244142
   14   12    7    7     -0.006791383619
   13   12    7    7     -0.095839570953
   12   12    7    7     26.662135191111
   11    7    7    0     -1.157297372702
   11   11    7    7    114.332316234472
   10    7    7    0     -0.221029375857
   11   10    7    7      1.366143087413
   10   10    7    7    -14.445406792168
    9    7    7    0     -0.391209247592
   11    9    7    7     -0.648369153152
   10    9    7    7      0.622842247528
    9    9    7    7    -14.776720145790
    8    7    7    0     -1.197701226645
   11    8    7    7      0.385213201946
   10    8    7    7     -0.151456541332
    9    8    7    7      0.549009169490
    8    8    7    7    -13.200578469091
    7    7    7    0     -0.948894276080
   11    7    7    7      0.001817385687
   10    7    7    7      0.009485056710
    9    7    7    7     -0.094948710298
    8    7    7    7     -0.924944924919
    7    7    7    7   -104.816567657516
    6    0    0    0      0.000000004589
   15   15    6    0     14.190419357125
   15   14    6    0    -14.312582386519
   14   14    6    0     13.470316579733
   15   13    6    0     -0.234805518732
   14   13    6    0      0.448944616541
   13   13    6    0     -0.592273168039
   15   12    6    0      0.002390795922
   14   12    6    0     -0.000903157135
   13   12    6    0     -0.011736244271
   12   12    6    0     -0.394810572558
   11    6    0    0     -0.110732940075
   15   15   11    6    -23.727861051015
   15   14   11    6     21.818687464026
   14   14   11    6    -24.649525467180
   15   13   11    6      0.312162653216
   14   13   11    6      0.062781330433
   13   13   11    6     -0.732285528848
   15   12   11    6     -0.153029459882
   14   12   11    6      0.103327581165
   13   12   11    6      0.091556085938
   12   12   11    6     -2.047554204899
   11   11    6    0     51.732868100557
   11   11   11    6      5.891906466293
   10    6    0    0      0.119674404138
   15   15   10    6    -22.002814807236
   15   14   10    6     22.978397807114
   14   14   10    6    -19.663164314738
   15   13   10    6      0.047957960357
   14   13   10    6     -0.778226760401
   13   13   10    6      0.728207095972
   15   12   10    6      0.137770111528
   14   12   10    6     -0.145181794484
   13   12   10    6     -0.085452343439
   12   12   10    6      1.669054948363
   11   10    6    0    -51.573110945946
   11   11   10    6     -6.327756500864
   10   10    6    0     49.990942162922
   11   10   10    6      5.714817793594
   10   10   10    6     -3.799074991925
    9    6    0    0      0.000028042001
   15   15    9    6     -1.804150957751
   15   14    9    6     -0.046214054288
   14   14    9    6     -1.032551260888
   15   13    9    6      0.345733225286
   14   13    9    6     -0.677515054048
   13   13    9    6     -0.962707086730
   15   12    9    6     -0.059729449030
   14   12    9    6      0.019619159575
   13   12    9    6      0.088504218036
   12   12    9    6     -1.597234127492
   11    9    6    0     -0.522899542599
   11   11    9    6     -0.791874523504
   10    9    6    0      1.299580073813
   11   10    9    6     -0.943483862457
   10   10    9    6     -1.779158594054
    9    9    6    0     -1.065484070334
   11    9    9    6      0.713092719532
   10    9    9    6     -0.823866124575
    9    9    9    6      0.557680408021
    8    6    0    0     -0.003403913976
   15   15    8    6      1.916590650294
   15   14    8    6      0.110303285199
   14   14    8    6      1.895576341673
   15   13    8    6      0.010463552794
   14   13    8    6      0.076296738720
   13   13    8    6      1.402394218598
   15   12    8    6     -0.014823366441
   14   12    8    6      0.006103738960
   13   12    8    6     -0.097223844284
   12   12    8    6      1.997857579443
   11    8    6    0     -0.041075750212
   11   11    8    6      0.898085063745
   10    8    6    0      0.005411289578
   11   10    8    6      1.084252723709
   10   10    8    6      0.716415393286
    9    8    6    0     -0.004202381547
   11    9    8    6     -0.932592636122
   10    9    8    6      1.909592575896
    9    9    8    6     -0.625829477741
    8    8    6    0     -0.332665029875
   11    8    8    6      0.275918508812
   10    8    8    6     -0.141511420366
    9    8    8    6     -0.581113485990
    8    8    8    6      0.219354442453
    7    6    0    0     -0.000251146590
   15   15    7    6      0.482785877425
   15   14    7    6      2.044316639022
   14   14    7    6      0.475112536578
   15   13    7    6      1.960608197543
   14   13    7    6      1.938809139707
   13   13    7    6      0.107318743512
   15   12    7    6      0.009155609825
   14   12    7    6      0.022235047352
   13   12    7    6     -1.968455864955
   12   12    7    6      0.921731809147
   11    7    6    0      0.006341992197
   11   11    7    6     -0.451965454494
   10    7    6    0      0.011513131609
   11   10    7    6     -0.321884351362
   10   10    7    6     -0.356024007640
    9    7    6    0     -0.005538334941
   11    9    7    6      0.057368677728
   10    9    7    6     -0.044331884863
    9    9    7    6     -0.817474767852
    8    7    6    0      0.011373178596
   11    8    7    6      0.997993196020
   10    8    7    6     -1.030214562360
    9    8    7    6      0.014834634968
    8    8    7    6     -0.580934503303
    7    7    6    0     -0.312813935320
   11    7    7    6     -0.661613750169
   10    7    7    6      0.786972007129
    9    7    7    6     -1.079253151242
    8    7    7    6      0.889060141138
    7    7    7    6     -0.227040335072
    6    6    0    0      6.389259598396
   15   15    6    6    -81.329898078243
   15   14    6    6    106.354191832030
   14   14    6    6    -80.641576866092
   15   13    6    6      0.448403738765
   14   13    6    6     -0.281762398411
   13   13    6    6     26.065908072230
   15   12    6    6     -0.070080224442
   14   12    6    6     -0.001509777946
   13   12    6    6      0.094896043881
   12   12    6    6     25.335286249934
   11    6    6    0     -0.349967575348
   11   11    6    6   -274.664047711729
   10    6    6    0     -1.012554839172
   11   10    6    6    387.705559693122
   10   10    6    6   -401.065363939320
    9    6    6    0     -0.246696923660
   11    9    6    6      2.424139352009
   10    9    6    6     -3.277226230100
    9    9    6    6    -12.131011158635
    8    6    6    0     -0.305972695919
   11    8    6    6     -1.073189950705
   10    8    6    6      1.487480906032
    9    8    6    6     -1.674758389972
    8    8    6    6    -13.692018556467
    7    6    6    0     -0.408557364111
   11    7    6    6     -0.123454061645
   10    7    6    6      0.240039633064
    9    7    6    6     -0.056981648760
    8    7    6    6      0.025204521532
    7    7    6    6    -14.621759241405
    6    6    6    0    -36.517183489225
   11    6    6    6      0.049601447213
   10    6    6    6     -0.548133822984
    9    6    6    6      1.614344741749
    8    6    6    6     -1.335280798727
    7    6    6    6     -1.012950321269
    6    6    6    6     81.991982462966
    5    0    0    0      0.000000010654
   15   15    5    0    -17.291535980363
   15   14    5    0     18.076567782440
   14   14    5    0     -7.818750521531
   15   13    5    0     -1.244990130468
   14   13    5    0    -10.444690431807
   13   13    5    0     11.188007205477
   15   12    5    0     -0.010060914585
   14   12    5    0      0.023831632721
   13   12    5    0     -0.014778049721
   12   12    5    0     -0.402625433522
   11    5    0    0      0.108885330386
   15   15   11    5     24.095797158779
   15   14   11    5    -27.586720883859
   14   14   11    5     30.010930499450
   15   13   11    5      2.032109141805
   14   13   11    5     -0.146925714179
   13   13   11    5     -2.481801232192
   15   12   11    5      0.388023415922
   14   12   11    5     -0.497454735999
   13   12   11    5      0.132538337637
   12   12   11    5      0.009134704676
   11   11    5    0    -63.166017245756
   11   11   11    5     -7.292728097982
   10    5    0    0     -0.373386691449
   15   15   10    5     31.200359758039
   15   14   10    5    -28.860222479050
   14   14   10    5      9.564348756656
   15   13   10    5     -0.139078052631
   14   13   10    5     15.650423059074
   13   13   10    5    -14.307200927324
   15   12   10    5     -0.494838850664
   14   12   10    5      0.662255695015
   13   12   10    5     -0.157825253660
   12   12   10    5      0.007113639246
   11   10    5    0     68.226305256048
   11   11   10    5      7.017682504696
   10   10    5    0    -33.159788564508
   11   10   10    5     -6.221294331790
   10   10   10    5     14.855110147780
    9    5    0    0      0.264049243904
   15   15    9    5     -2.709283389137
   15   14    9    5      0.029210737310
   14   14    9    5    -16.477574965730
   15   13    9    5      1.996358673592
   14   13    9    5     17.514243399794
   13   13    9    5    -20.067358486039
   15   12    9    5      0.118150950510
   14   12    9    5     -0.186600023287
   13   12    9    5      0.019619162170
   12   12    9    5     -0.092610555860
   11    9    5    0     -5.853601705446
   11   11    9    5      0.007965706571
   10    9    5    0    -34.627498450333
   11   10    9    5     -0.659864202330
   10   10    9    5     -8.979702973749
    9    9    5    0     39.673077025117
   11    9    9    5      0.621376409653
   10    9    9    5      9.462505003850
    9    9    9    5    -10.296278220471
    8    5    0    0     -0.157434730884
   15   15    8    5      0.380195533836
   15   14    8    5     -0.540180911380
   14   14    8    5      0.710146223358
   15   13    8    5      0.294287421494
   14   13    8    5     -0.508790253187
   13   13    8    5      0.727672678610
   15   12    8    5      0.062781316508
   14   12    8    5     -0.069757018548
   13   12    8    5      0.044906080571
   12   12    8    5     -0.069475649682
   11    8    5    0      0.102556268300
   11   11    8    5     -3.634676553101
   10    8    5    0     -0.422213437993
   11   10    8    5      4.492801010762
   10   10    8    5     -5.603029674725
    9    8    5    0      0.309917482418
   11    9    8    5     -0.370583435418
   10    9    8    5     -0.241098581515
    9    9    8    5      1.335646476423
    8    8    5    0     -0.674380089229
   11    8    8    5     -0.225431295720
   10    8    8    5      0.635143229735
    9    8    8    5     -0.689562751867
    8    8    8    5     -1.165962567652
    7    5    0    0     -0.019238255955
   15   15    7    5      0.100013856479
   15   14    7    5     -0.140385975094
   14   14    7    5      0.167678288988
   15   13    7    5      0.030954674970
   14   13    7    5     -0.004795786344
   13   13    7    5     -0.074640219113
   15   12    7    5      0.002179906772
   14   12    7    5      0.002179909740
   13   12    7    5      0.023107012442
   12   12    7    5      0.036273311470
   11    7    5    0     -0.045038115904
   11   11    7    5     -0.719764982865
   10    7    5    0      0.088192470246
   11   10    7    5      0.967232923720
   10   10    7    5     -1.406276848814
    9    7    5    0     -0.062992859313
   11    9    7    5     -0.169128429935
   10    9    7    5      0.249775220783
    9    9    7    5      0.057452981379
    8    7    5    0     -0.071509174779
   11    8    7    5     -0.115081060640
   10    8    7    5      0.274231236692
    9    8    7    5     -0.235855030411
    8    8    7    5     -0.117257529191
    7    7    5    0     -0.313520063367
   11    7    7    5     -0.049294195949
   10    7    7    5      0.001235187584
    9    7    7    5     -0.023270141933
    8    7    7    5      0.161849488968
    7    7    7    5      0.014200064871
    6    5    0    0     -6.491958574251
   15   15    6    5    121.264771666074
   15   14    6    5   -122.456701958914
   14   14    6    5    123.048894610211
   15   13    6    5      1.015836581210
   14   13    6    5     -0.931256196029
   13   13    6    5     -0.539702162192
   15   12    6    5      0.018311217511
   14   12    6    5     -0.022235049845
   13   12    6    5     -0.006103738991
   12   12    6    5     -0.223964509369
   11    6    5    0     -0.919405017649
   11   11    6    5    443.467418424189
   10    6    5    0      0.937030176966
   11   10    6    5   -447.676974156964
   10   10    6    5    451.093764993668
    9    6    5    0     -0.014640005802
   11    9    6    5      4.382012023347
   10    9    6    5     -3.541501908812
    9    9    6    5     -1.008150634120
    8    6    5    0     -0.017180348982
   11    8    6    5     -0.089381237134
   10    8    6    5      0.086321966149
    9    8    6    5      0.025719176976
    8    8    6    5     -0.223649065209
    7    6    5    0      0.002215003174
   11    7    6    5      0.023192571328
   10    7    6    5     -0.010944023438
    9    7    6    5     -0.007371088311
    8    7    6    5      0.029648992826
    7    7    6    5     -0.328736802613
    6    6    5    0     36.233299393878
   11    6    6    5      1.744930014644
   10    6    6    5     -1.829028155804
    9    6    6    5      0.094130672700
    8    6    6    5     -0.146958620886
    7    6    6    5      0.007412805516
    6    6    6    5   -186.569258773261
    5    5    0    0     22.550861659558
   15   15    5    5   -114.223250747982
   15   14    5    5    139.260670144742
   14   14    5    5   -200.669238776859
   15   13    5    5     -1.010962909575
   14   13    5    5     85.631230656083
   13   13    5    5    -59.019536109778
   15   12    5    5     -0.097983028456
   14   12    5    5      0.002476336106
   13   12    5    5      0.511245794502
   12   12    5    5     24.354523686786
   11    5    5    0     -0.117917682628
   11   11    5    5   -399.282504030912
   10    5    5    0      0.621788761224
   11   10    5    5    516.287658932819
   10   10    5    5   -844.087410137000
    9    5    5    0     -2.069570407631
   11    9    5    5     -4.229025003102
   10    9    5    5    309.526445131551
    9    9    5    5   -319.188776207600
    8    5    5    0     -0.519403422582
   11    8    5    5     -0.805693785889
   10    8    5    5      1.564749970287
    9    8    5    5     -2.099516478831
    8    8    5    5    -15.849005339999
    7    5    5    0     -0.415379017591
   11    7    5    5     -0.343473659889
   10    7    5    5      0.197634426577
    9    7    5    5     -0.027421844341
    8    7    5    5     -0.071157755049
    7    7    5    5    -15.727415488835
    6    5    5    0    -37.265676052108
   11    6    5    5     -0.355552620346
   10    6    5    5     -0.194601324085
    9    6    5    5      1.970513458329
    8    6    5    5     -1.509999742005
    7    6    5    5     -0.808305899243
    6    6    5    5    173.254124472919
    5    5    5    0    -56.748814974199
   11    5    5    5      2.034039420968
   10    5    5    5     -7.951867461882
    9    5    5    5      5.797703049894
    8    5    5    5      0.214877430138
    7    5    5    5      0.053555557204
    6    5    5    5   -186.281612186617
    5    5    5    5    543.500916167837
    4    0    0    0     -0.000000009187
   15   15    4    0      2.149933881959
   15   14    4    0     -3.901789053179
   14   14    4    0     -6.648147254285
   15   13    4    0      1.435258412132
   14   13    4    0      9.984255499259
   13   13    4    0    -11.792969046484
   15   12    4    0      0.007025742593
   14   12    4    0     -0.022709885573
   13   12    4    0      0.018414295283
   12   12    4    0     -0.300500593178
   11    4    0    0      0.014447525354
   15   15   11    4     -1.665464072261
   15   14   11    4      6.146465292337
   14   14   11    4     -9.246395373892
   15   13   11    4     -2.350375540479
   14   13   11    4      0.156081329320
   13   13   11    4      3.330097476222
   15   12   11    4     -0.492222961704
   14   12   11    4      0.702365979262
   13   12   11    4     -0.201423390062
   12   12   11    4      0.158333109568
   11   11    4    0     13.181231230504
   11   11   11    4      0.249469993758
   10    4    0    0      0.245105836917
   15   15   10    4     -9.456665220545
   15   14   10    4      5.883568515643
   14   14   10    4     13.025237113610
   15   13   10    4      0.162621050048
   14   13   10    4    -14.621507051781
   13   13   10    4     12.843781569003
   15   12   10    4      0.670539340647
   14   12   10    4     -0.883734227506
   13   12   10    4      0.208399092349
   12   12   10    4     -0.389735257497
   11   10    4    0    -20.715362100267
   11   11   10    4     -0.185971605596
   10   10    4    0    -12.699835625010
   11   10   10    4     -0.136440771640
   10   10   10    4    -12.686066760808
    9    4    0    0     -0.300731550588
   15   15    9    4      3.515449736185
   15   14    9    4     -0.017875240536
   14   14    9    4     15.961235407962
   15   13    9    4     -2.322908713822
   14   13    9    4    -17.101369055070
   13   13    9    4     20.164357334902
   15   12    9    4     -0.226710309854
   14   12    9    4      0.228454235888
   13   12    9    4     -0.045342062584
   12   12    9    4      0.215855552306
   11    9    4    0      7.412318473195
   11   11    9    4      0.331133647007
   10    9    4    0     32.412531985882
   11   10    9    4     -0.040162157392
   10   10    9    4     13.445937529119
    9    9    4    0    -39.830618614443
   11    9    9    4      0.141566843380
   10    9    9    4    -13.657375893550
    9    9    9    4     13.670500002429
    8    4    0    0      0.779917911321
   15   15    8    4     -0.614235311295
   15   14    8    4      0.833160388862
   14   14    8    4     -1.009932005559
   15   13    8    4     -0.502686514158
   14   13    8    4      0.194011707399
   13   13    8    4      0.222500125963
   15   12    8    4     -0.002179906832
   14   12    8    4      0.069321037085
   13   12    8    4     -0.051881782428
   12   12    8    4     -0.088790572143
   11    8    4    0     -0.101272345394
   11   11    8    4      4.844918960435
   10    8    4    0      0.173691841167
   11   10    8    4     -6.185278031000
   10   10    8    4      9.318314404037
    9    8    4    0      0.699184249083
   11    9    8    4      0.728946861088
   10    9    8    4     -2.163781102788
    9    9    8    4      0.825754123131
    8    8    4    0     -0.498906224196
   11    8    8    4      0.542240489800
   10    8    8    4     -0.561013898158
    9    8    8    4     -0.246188305705
    8    8    8    4      3.577172210309
    7    4    0    0      0.071782603516
   15   15    7    4     -0.121884724216
   15   14    7    4      0.151285545476
   14   14    7    4     -0.178736619285
   15   13    7    4     -0.046650007438
   14   13    7    4     -0.053189722265
   13   13    7    4      0.168217346675
   15   12    7    4     -0.004359813948
   14   12    7    4      0.014387384546
   13   12    7    4     -0.036622434945
   12   12    7    4     -0.170104261775
   11    7    4    0      0.035058015347
   11   11    7    4      1.049327556303
   10    7    4    0     -0.072344148524
   11   10    7    4     -1.491668389946
   10   10    7    4      2.206790117919
    9    7    4    0      0.125721957270
   11    9    7    4      0.397532317825
   10    9    7    4     -0.478027374335
    9    9    7    4     -0.107201886125
    8    7    4    0      0.016354045290
   11    8    7    4      0.068465494860
   10    8    7    4     -0.289048977544
    9    8    7    4      0.187485923138
    8    8    7    4      0.840964052301
    7    7    4    0     -0.216104749471
   11    7    7    4     -0.041710386071
   10    7    7    4      0.164692155391
    9    7    7    4      0.042507556665
    8    7    7    4     -0.072412516366
    7    7    7    4     -0.106781860748
    6    4    0    0      0.113677123388
   15   15    6    4     -4.109211728820
   15   14    6    4      5.702636258375
   14   14    6    4     -6.994362063770
   15   13    6    4     -1.337154847276
   14   13    6    4      1.620106753325
   13   13    6    4      0.233424225201
   15   12    6    4     -0.002179906912
   14   12    6    4     -0.009591590029
   13   12    6    4      0.006975701691
   12   12    6    4      0.314167954274
   11    6    4    0      0.009512306966
   11   11    6    4    -21.777852795829
   10    6    4    0     -0.023637998095
   11   10    6    4     27.733648124400
   10   10    6    4    -33.825542464002
    9    6    4    0      0.007701596991
   11    9    6    4     -5.814716541372
   10    9    6    4      6.250206551684
    9    9    6    4     -0.065661339698
    8    6    4    0      0.018589003707
   11    8    6    4      0.100272846114
   10    8    6    4     -0.093736303239
    9    8    6    4     -0.017440988988
    8    8    6    4      0.174915611962
    7    6    4    0     -0.004248709455
   11    7    6    4      0.017935384440
   10    7    6    4     -0.001290325234
    9    7    6    4      0.003976815103
    8    7    6    4     -0.023105391909
    7    7    6    4      0.278608201891
    6    6    4    0     -0.628309156256
   11    6    6    4      0.217825457283
   10    6    6    4     -0.116179750931
    9    6    6    4      0.297200056480
    8    6    6    4     -0.112297928806
    7    6    6    4      0.002495484645
    6    6    6    4      2.039181522486
    5    4    0    0    -15.657283731863
   15   15    5    4      5.963786784671
   15   14    5    4     -2.426236298282
   14   14    5    4     99.658187678917
   15   13    5    4     -1.795807243579
   14   13    5    4    -95.476867131341
   13   13    5    4     97.043345853134
   15   12    5    4      0.041418229737
   14   12    5    4      0.001743925369
   13   12    5    4     -0.048829912844
   12   12    5    4      1.742615184551
   11    5    4    0     -0.082020908820
   11   11    5    4     34.802429051611
   10    5    4    0     -2.087337577708
   11   10    5    4    -31.875983410723
   10   10    5    4    385.583976697876
    9    5    4    0      2.149134366826
   11    9    5    4     -1.430518652255
   10    9    5    4   -351.776877540216
    9    9    5    4    352.954321068664
    8    5    4    0      1.137615027756
   11    8    5    4      0.840566980382
   10    8    5    4     -0.958291248716
    9    8    5    4      0.861060435222
    8    8    5    4      1.584296216137
    7    5    4    0      0.101668265903
   11    7    5    4      0.072052051378
   10    7    5    4      0.003550249319
    9    7    5    4      0.038018829445
    8    7    5    4      0.263336482609
    7    7    5    4      0.812265935778
    6    5    4    0      0.387621062695
   11    6    5    4      0.071923972465
   10    6    5    4     -0.061476497738
    9    6    5    4     -1.983290597344
    8    6    5    4     -0.006540266121
    7    6    5    4      0.008289334876
    6    6    5    4     -0.720637752239
    5    5    4    0     93.048506038073
   11    5    5    4     -0.730291659015
   10    5    5    4      7.888834391982
    9    5    5    4     -8.011087542523
    8    5    5    4      0.963078056223
    7    5    5    4      0.017658256536
    6    5    5    4     -1.475062196029
    5    5    5    4   -462.111041626217
    4    4    0    0     21.604453227646
   15   15    4    4     27.008054472602
   15   14    4    4     -8.148266791086
   14   14    4    4    -72.341297567216
   15   13    4    4      5.308275567512
   14   13    4    4    104.542408184172
   13   13    4    4    -84.056446608848
   15   12    4    4     -0.058620140621
   14   12    4    4     -0.030558596681
   13   12    4    4      0.456337056154
   12   12    4    4     23.963475780892
   11    4    4    0     -1.077460124817
   11   11    4    4     97.046083515679
   10    4    4    0      2.237762121386
   11   10    4    4      5.411279054318
   10   10    4    4   -413.230580483140
    9    4    4    0     -2.559593513661
   11    9    4    4     11.330575069210
   10    9    4    4    388.975981006975
    9    9    4    4   -415.304948773652
    8    4    4    0     -4.131125852711
   11    8    4    4     -0.676112430400
   10    8    4    4      1.432702073563
    9    8    4    4     -3.606404084027
    8    8    4    4    -18.829857847044
    7    4    4    0     -0.673248856869
   11    7    4    4     -0.237249849693
   10    7    4    4      0.046224287459
    9    7    4    4     -0.371603244968
    8    7    4    4     -0.568086862929
    7    7    4    4    -16.295792679212
    6    4    4    0     -0.356114640375
   11    6    4    4      1.220713457806
   10    6    4    4     -1.748391030375
    9    6    4    4      1.857340220019
    8    6    4    4     -1.515231674564
    7    6    4    4     -0.780941820203
    6    6    4    4    -15.025620421060
    5    4    4    0    -96.027477142103
   11    5    4    4     -0.848245805137
   10    5    4    4     -7.613537907545
    9    5    4    4      6.872538678259
    8    5    4    4     -3.173250686976
    7    5    4    4     -0.329430008282
    6    5    4    4     -0.303960557138
    5    5    4    4    449.030014628797
    4    4    4    0     64.084769891750
   11    4    4    4      0.306893382755
   10    4    4    4      9.607671931109
    9    4    4    4     -9.475621103263
    8    4    4    4     16.327708646271
    7    4    4    4      1.523433140188
    6    4    4    4      0.453704071230
    5    4    4    4   -454.568514202015
    4    4    4    4    493.129089729169
    3    0    0    0      0.000000007631
   15   15    3    0     -0.266540455676
   15   14    3    0     -0.174247108902
   14   14    3    0     -0.260293366067
   15   13    3    0      0.086511898167
   14   13    3    0      0.084890488832
   13   13    3    0     -0.867285032198
   15   12    3    0     -0.000284191771
   14   12    3    0     -0.002105714108
   13   12    3    0     -0.004953171745
   12   12    3    0     -0.419101235650
   11    3    0    0      0.044359925182
   15   15   11    3     -1.116599093175
   15   14   11    3      0.659203822350
   14   14   11    3     -0.062832156953
   15   13   11    3     -0.393691171195
   14   13   11    3      0.315650507140
   13   13   11    3     -0.320671585429
   15   12   11    3      0.178752360770
   14   12   11    3     -0.237173863329
   13   12   11    3      0.035750473678
   12   12   11    3     -0.123869551899
   11   11    3    0     -1.558302164793
   11   11   11    3     -1.745116740483
   10    3    0    0      0.037801081258
   15   15   10    3      1.017717645887
   15   14   10    3     -0.268564543091
   14   14   10    3     -0.477262482998
   15   13   10    3      0.413746318746
   14   13   10    3     -0.494402876939
   13   13   10    3      0.643209631453
   15   12   10    3     -0.237609842746
   14   12   10    3      0.275976204824
   13   12   10    3     -0.070628980198
   12   12   10    3      0.093960311064
   11   10    3    0      1.658479822714
   11   11   10    3      2.979933610656
   10   10    3    0     -2.650920655770
   11   10   10    3     -4.795667953129
   10   10   10    3      5.096064141643
    9    3    0    0     -0.303856122146
   15   15    9    3     -0.154439216553
   15   14    9    3      0.170468699440
   14   14    9    3      0.282675729834
   15   13    9    3     -0.284695830455
   14   13    9    3     -0.119022918382
   13   13    9    3      0.004519542558
   15   12    9    3      0.079784589906
   14   12    9    3     -0.035750472534
   13   12    9    3      0.022671030740
   12   12    9    3      0.070178349856
   11    9    3    0     -0.273306698887
   11   11    9    3     -0.265333326764
   10    9    3    0      0.868229994778
   11   10    9    3      0.386195717237
   10   10    9    3      1.438896011589
    9    9    3    0     -2.941029445171
   11    9    9    3      0.062259414144
   10    9    9    3     -1.751246237634
    9    9    9    3      2.126203433107
    8    3    0    0      5.086990916943
   15   15    8    3      0.237255153565
   15   14    8    3     -0.381483694795
   14   14    8    3      0.264460396884
   15   13    8    3      0.193575726244
   14   13    8    3      0.101147676740
   13   13    8    3      0.889570473529
   15   12    8    3     -0.012643459578
   14   12    8    3     -0.039674304239
   13   12    8    3      0.092864030780
   12   12    8    3     -0.349837348590
   11    8    3    0     -0.111531426669
   11   11    8    3     -1.821862485604
   10    8    3    0     -0.122500193892
   11   10    8    3      2.525630236009
   10   10    8    3     -3.944975246531
    9    8    3    0      1.349416477045
   11    9    8    3     -0.753810920462
   10    9    8    3      1.094326837486
    9    9    8    3      1.842754708774
    8    8    3    0    -32.094921956462
   11    8    8    3      0.001297863557
   10    8    8    3      0.581865177612
    9    8    8    3     -3.557955433075
    8    8    8    3    158.134484034554
    7    3    0    0      0.052501388391
   15   15    7    3      0.054564530267
   15   14    7    3     -0.074988778385
   14   14    7    3      0.069998235101
   15   13    7    3      0.048829912182
   14   13    7    3     -0.020927098861
   13   13    7    3      0.036863697612
   15   12    7    3      0.019619162041
   14   12    7    3      0.028774768948
   13   12    7    3     -0.027030844553
   12   12    7    3      0.374051737273
   11    7    3    0     -0.010409884893
   11   11    7    3     -0.369462594532
   10    7    3    0     -0.001434054365
   11   10    7    3      0.543495283827
   10   10    7    3     -0.686064602427
    9    7    3    0      0.073620121182
   11    9    7    3     -0.117155583068
   10    9    7    3      0.215499055440
    9    9    7    3     -0.116264211476
    8    7    3    0     -0.915831121977
   11    8    7    3     -0.034867340461
   10    8    7    3      0.040536121250
    9    8    7    3     -0.013513356553
    8    8    7    3      2.610380200013
    7    7    3    0      0.182807549454
   11    7    7    3      0.028152749465
   10    7    7    3     -0.069083063324
    9    7    7    3      0.199125735475
    8    7    7    3     -0.927225244801
    7    7    7    3     -0.294530159443
    6    3    0    0      0.001400652682
   15   15    6    3     -0.036752529691
   15   14    6    3      0.216246758111
   14   14    6    3     -0.150282082367
   15   13    6    3     -0.068449074558
   14   13    6    3      0.062781317067
   13   13    6    3     -0.063783401914
   15   12    6    3      0.003487850803
   14   12    6    3      0.012643459813
   13   12    6    3     -0.025286919072
   12   12    6    3      0.136942441760
   11    6    3    0     -0.019968950493
   11   11    6    3      1.701230661795
   10    6    3    0      0.004937163401
   11   10    6    3     -1.647594980483
   10   10    6    3      1.791065770423
    9    6    3    0      0.006693573753
   11    9    6    3      0.038361916208
   10    9    6    3     -0.044930131016
    9    9    6    3      0.184195451458
    8    6    3    0      0.002248388523
   11    8    6    3      0.020485898397
   10    8    6    3      0.017005480276
    9    8    6    3     -0.065397469945
    8    8    6    3      0.054832751729
    7    6    3    0      0.003713742178
   11    7    6    3      0.017477017854
   10    7    6    3     -0.013493275190
    9    7    6    3     -0.009141278845
    8    7    6    3      0.011772377724
    7    7    6    3      0.124499138766
    6    6    3    0     -0.313644381838
   11    6    6    3     -0.230420597225
   10    6    6    3      0.326401148582
    9    6    6    3     -0.212524785633
    8    6    6    3      0.261058174310
    7    6    6    3      0.019176771348
    6    6    6    3      0.345258987239
    5    3    0    0     -0.200387194652
   15   15    5    3      1.025246056440
   15   14    5    3     -0.800461787024
   14   14    5    3      1.335839209291
   15   13    5    3      0.271616390666
   14   13    5    3     -0.380611732193
   13   13    5    3      0.803069956586
   15   12    5    3     -0.006975701975
   14   12    5    3      0.015695329076
   13   12    5    3     -0.025722900521
   12   12    5    3      0.344068777347
   11    5    3    0      0.172319369049
   11   11    5    3     -5.106749298621
   10    5    3    0     -0.292515674767
   11   10    5    3      6.705823500277
   10   10    5    3     -8.752189186403
    9    5    3    0      0.183456062330
   11    9    5    3     -1.755221392031
   10    9    5    3      1.220730268584
    9    9    5    3      0.612875262788
    8    5    3    0     -0.461895811325
   11    8    5    3      0.586828774525
   10    8    5    3      0.072808926077
    9    8    5    3     -0.898121247144
    8    8    5    3     -0.896783776881
    7    5    3    0     -0.049542440696
   11    7    5    3     -0.023081695854
   10    7    5    3      0.082856799735
    9    7    5    3     -0.072373801437
    8    7    5    3      0.033135154164
    7    7    5    3     -0.132052174311
    6    5    3    0     -0.000085003256
   11    6    5    3     -1.141403287058
   10    6    5    3      1.110004994804
    9    6    5    3     -0.972677359083
    8    6    5    3     -0.022235322859
    7    6    5    3     -0.014385807902
    6    6    5    3     -1.167897351883
    5    5    3    0     -0.471261684723
   11    5    5    3     -0.036305138966
   10    5    5    3      0.165776909307
    9    5    5    3     -1.221454207134
    8    5    5    3      0.200289083279
    7    5    5    3     -0.041860193284
    6    5    5    3     -1.094012223463
    5    5    5    3      0.827512963835
    4    3    0    0      0.995972969166
   15   15    4    3     -1.014652921746
   15   14    4    3      1.172789872232
   14   14    4    3     -1.216250709263
   15   13    4    3     -0.536257079328
   14   13    4    3     -0.065833186352
   13   13    4    3     -0.003524943846
   15   12    4    3      0.007847664500
   14   12    4    3     -0.023978975088
   13   12    4    3      0.040546267051
   12   12    4    3     -0.198670204656
   11    4    3    0     -0.125180659920
   11   11    4    3      7.185660094364
   10    4    3    0      0.301951125129
   11   10    4    3     -9.487397910098
   10   10    4    3     14.388655861201
    9    4    3    0     -0.444399553411
   11    9    4    3      1.611804923624
   10    9    4    3     -3.131672768785
    9    9    4    3      1.100837568992
    8    4    3    0     -0.399835913329
   11    8    4    3      0.389766255998
   10    8    4    3     -0.956978557001
    9    8    4    3     -0.047522907296
    8    8    4    3      4.216340692683
    7    4    3    0      0.048256651904
   11    7    4    3      0.008307905645
   10    7    4    3     -0.042287516504
    9    7    4    3      0.065416762950
    8    7    4    3      0.322190555133
    7    7    4    3     -0.064595492073
    6    4    3    0      0.002008623282
   11    6    4    3      0.010899977470
   10    6    4    3     -1.004499613936
    9    6    4    3      1.026296718311
    8    6    4    3     -1.062486643782
    7    6    4    3     -0.015694040637
    6    6    4    3      0.722363481045
    5    4    3    0      1.330429743229
   11    5    4    3     -0.224973350348
   10    5    4    3     -0.180500616085
    9    5    4    3     -0.193581122976
    8    5    4    3      1.158402226152
    7    5    4    3      0.174396824280
    6    5    4    3     -0.037494883060
    5    5    4    3     -0.352297190557
    4    4    3    0     -4.758912712184
   11    4    4    3     -0.006979872298
   10    4    4    3      0.385378939498
    9    4    4    3      0.932738950543
    8    4    4    3     -3.252907096345
    7    4    4    3     -0.431111700622
    6    4    4    3     -0.267704620092
    5    4    4    3     -3.922405895553
    4    4    4    3     19.187039369626
    3    3    0    0      6.822650172908
   15   15    3    3     23.976708548849
   15   14    3    3     -0.225214810527
   14   14    3    3     23.934185442025
   15   13    3    3      0.108288451925
   14   13    3    3      0.134487698819
   13   13    3    3     25.576250534030
   15   12    3    3     -0.038490257551
   14   12    3    3     -0.002655786308
   13   12    3    3      0.187922013039
   12   12    3    3     24.036855719156
   11    3    3    0     -1.281696862393
   11   11    3    3    110.652548337407
   10    3    3    0     -0.282095064951
   11   10    3    3      2.040831545914
   10   10    3    3    -19.640558206946
    9    3    3    0      0.729953219992
   11    9    3    3      1.019856291614
   10    9    3    3     -0.529473558919
    9    9    3    3    -14.117649976398
    8    3    3    0     -6.992675204286
   11    8    3    3     -0.580863461877
   10    8    3    3      1.692324210687
    9    8    3    3     -5.528877911356
    8    8    3    3    -29.701386355368
    7    3    3    0     -0.246417445276
   11    7    3    3     -0.308905405536
   10    7    3    3      0.042312067456
    9    7    3    3      0.595063669921
    8    7    3    3      0.858934718982
    7    7    3    3    -17.642566235231
    6    3    3    0     -0.338078912743
   11    6    3    3      1.462420679630
   10    6    3    3     -1.978901948564
    9    6    3    3      2.140576191971
    8    6    3    3     -1.524845540269
    7    6    3    3     -0.817437052555
    6    6    3    3    -13.540296528724
    5    3    3    0     -0.879083818091
   11    5    3    3     -0.052423519512
   10    5    3    3      0.650521610783
    9    5    3    3      0.566870452600
    8    5    3    3      0.344247200265
    7    5    3    3     -0.055681607458
    6    5    3    3      0.855079730466
    5    5    3    3    -13.397597796805
    4    3    3    0     -0.229747208574
   11    4    3    3      0.747444101565
   10    4    3    3     -1.109590866305
    9    4    3    3      0.672996268363
    8    4    3    3      0.800132918893
    7    4    3    3      0.212838862823
    6    4    3    3      0.021181529268
    5    4    3    3      0.364889339363
    4    4    3    3    -18.785312662993
    3    3    3    0    -30.792415210745
   11    3    3    3     -0.320576846644
   10    3    3    3      0.129673177929
    9    3    3    3      1.048161799831
    8    3    3    3    -32.320811835427
    7    3    3    3     -2.253710920781
    6    3    3    3      0.095977835816
    5    3    3    3      0.620683898952
    4    3    3    3      1.425408289050
    3    3    3    3     32.940643085835
    2    0    0    0      0.000000005360
   15   15    2    0     -0.578238742071
   15   14    2    0      0.309531015204
   14   14    2    0     -0.693923522787
   15   13    2    0     -0.090220271700
   14   13    2    0      0.021883179509
   13   13    2    0     -0.306226938730
   15   12    2    0      0.000996107209
   14   12    2    0     -0.003155567290
   13   12    2    0      0.000753609105
   12   12    2    0     -0.572825974311
   11    2    0    0     -0.013699480536
   15   15   11    2      0.998489695607
   15   14   11    2     -0.769507111308
   14   14   11    2     -0.177613539689
   15   13   11    2      0.302571067604
   14   13   11    2     -0.261588819041
   13   13   11    2      0.096531410150
   15   12   11    2     -0.116843006041
   14   12   11    2      0.153465440725
   13   12   11    2     -0.025722900622
   12   12   11    2     -0.180752817374
   11   11    2    0      0.528719150351
   11   11   11    2      0.867499111316
   10    2    0    0      0.014867158095
   15   15   10    2     -0.564283214565
   15   14   10    2     -0.009155614609
   14   14   10    2      1.113111435981
   15   13   10    2     -0.278156110423
   14   13   10    2      0.415054257418
   13   13   10    2     -0.125250070810
   15   12   10    2      0.145181794359
   14   12   10    2     -0.181368247999
   13   12   10    2      0.011771496897
   12   12   10    2      0.230772320101
   11   10    2    0     -1.255393812219
   11   11   10    2     -1.587693237061
   10   10    2    0      1.231552817456
   11   10   10    2      2.856257734270
   10   10   10    2     -4.226010320012
    9    2    0    0      0.107416073651
   15   15    9    2     -0.076255685888
   15   14    9    2     -0.172648618373
   14   14    9    2     -0.112529325628
   15   13    9    2      0.243277601321
   14   13    9    2     -0.237609843014
   13   13    9    2      0.291886962061
   15   12    9    2     -0.026594863360
   14   12    9    2     -0.008719627243
   13   12    9    2     -0.065397204739
   12   12    9    2     -0.298606171812
   11    9    2    0      0.342826502529
   11   11    9    2     -0.075159847166
   10    9    2    0     -0.328240971457
   11   10    9    2     -0.342392403821
   10   10    9    2      0.468233987331
    9    9    2    0      0.485849228946
   11    9    9    2     -0.429561111601
   10    9    9    2     -0.028601375929
    9    9    9    2     -0.381509794258
    8    2    0    0      5.036543315841
   15   15    8    2      0.083083260383
   15   14    8    2      0.490479035578
   14   14    8    2     -0.308689591598
   15   13    8    2     -0.148669645517
   14   13    8    2      0.164364974565
   13   13    8    2     -0.600186737430
   15   12    8    2     -0.004795795015
   14   12    8    2      0.019183180079
   13   12    8    2      0.037930378859
   12   12    8    2      0.773939327431
   11    8    2    0      0.164200854938
   11   11    8    2      1.750540824549
   10    8    2    0      0.033757741370
   11   10    8    2     -2.360018803004
   10   10    8    2      3.166158714026
    9    8    2    0     -1.280501274294
   11    9    8    2      0.957386721863
   10    9    8    2     -0.087220974053
    9    9    8    2     -1.594572824827
    8    8    2    0    -29.148271962768
   11    8    8    2     -0.461267657197
   10    8    8    2     -0.445156871123
    9    8    8    2      3.385462879912
    8    8    8    2    132.976013197458
    7    2    0    0     -0.215034218887
   15   15    7    2      0.080913487553
   15   14    7    2     -0.029210746542
   14   14    7    2      0.157646194322
   15   13    7    2     -0.012207478609
   14   13    7    2     -0.020927103822
   13   13    7    2      0.157907868812
   15   12    7    2     -0.018311217364
   14   12    7    2     -0.002615888234
   13   12    7    2      0.076732719889
   12   12    7    2      0.057457717059
   11    7    2    0     -0.006424764120
   11   11    7    2      0.272670466521
   10    7    2    0      0.012493087257
   11   10    7    2     -0.215090652662
   10   10    7    2      0.423050317292
    9    7    2    0      0.036756835164
   11    9    7    2      0.016454903467
   10    9    7    2     -0.133627356439
    9    9    7    2      0.392524258435
    8    7    2    0      0.968707747180
   11    8    7    2     -0.006540466811
   10    8    7    2      0.009171328280
    9    8    7    2      0.027037156477
    8    8    7    2     -1.832218736338
    7    7    2    0     -1.599274859178
   11    7    7    2     -0.024315954693
   10    7    7    2      0.073297270143
    9    7    7    2     -0.187771184185
    8    7    7    2      1.209704258154
    7    7    7    2      0.662262440384
    6    2    0    0     -0.000296990557
   15   15    6    2     -0.064575906505
   15   14    6    2     -0.351400979907
   14   14    6    2      0.025149060712
   15   13    6    2      0.072808887930
   14   13    6    2     -0.049265894018
   13   13    6    2     -0.156132000908
   15   12    6    2      0.011335515486
   14   12    6    2      0.011771496905
   13   12    6    2      0.000435981310
   12   12    6    2     -0.363048757983
   11    6    2    0      0.021005848098
   11   11    6    2     -1.604057959708
   10    6    2    0     -0.010978453618
   11   10    6    2      1.409841845754
   10   10    6    2     -1.906352523625
    9    6    2    0      0.010305072356
   11    9    6    2     -1.186378418149
   10    9    6    2      1.147890323060
    9    9    6    2     -0.938099587099
    8    6    2    0     -0.014526079356
   11    8    6    2     -0.109871874278
   10    8    6    2      0.041409874118
    9    8    6    2      0.973978377459
    8    8    6    2     -0.737052754421
    7    6    2    0     -0.002835672035
   11    7    6    2     -0.008763885580
   10    7    6    2     -0.010002282543
    9    7    6    2      0.010890278154
    8    7    6    2      0.030085911108
    7    7    6    2     -0.346860076916
    6    6    2    0     -0.315354790825
   11    6    6    2     -0.767848151837
   10    6    6    2      0.709323848814
    9    6    6    2     -1.151471203614
    8    6    6    2      0.986750851200
    7    6    6    2      0.513583849003
    6    6    6    2     -1.378645971570
    5    2    0    0      0.027246916226
   15   15    5    2     -1.357913426046
   15   14    5    2      1.172789871041
   14   14    5    2     -1.895478441265
   15   13    5    2     -0.257229005393
   14   13    5    2      0.194447688346
   13   13    5    2     -0.521352384378
   15   12    5    2     -0.000871962777
   14   12    5    2     -0.028338788666
   13   12    5    2      0.027902807414
   12   12    5    2     -0.423082189801
   11    5    2    0     -0.042997520096
   11   11    5    2      3.419471267993
   10    5    2    0      0.092105823026
   11   10    5    2     -4.876565331571
   10   10    5    2      6.618056405696
    9    5    2    0     -0.054209939675
   11    9    5    2      0.869260017232
   10    9    5    2     -1.064713341092
    9    9    5    2      0.046684771022
    8    5    2    0      0.121516961754
   11    8    5    2      0.646555617136
   10    8    5    2     -1.357216616855
    9    8    5    2      0.978339728798
    8    8    5    2     -0.194778844806
    7    5    2    0      0.029492384247
   11    7    5    2      0.007858880946
   10    7    5    2      0.094626012322
    9    7    5    2     -0.041842124305
    8    7    5    2      0.020056839869
    7    7    5    2      0.096995235584
    6    5    2    0      0.007352954892
   11    6    5    2      0.017421404423
   10    6    5    2     -1.082993005305
    9    6    5    2      1.056370806058
    8    6    5    2     -1.029788985561
    7    6    5    2     -0.027460706830
    6    6    5    2      0.618471336818
    5    5    2    0     -0.289206620038
   11    5    5    2     -0.494408191596
   10    5    5    2      0.378784950008
    9    5    5    2     -0.309337213877
    8    5    5    2      0.411300333149
    7    5    5    2      0.145751623967
    6    5    5    2     -0.064434847062
    5    5    5    2     -0.486699588087
    4    2    0    0     -0.325966209867
   15   15    4    2      1.749813375405
   15   14    4    2     -1.687683864733
   14   14    4    2      2.481651698581
   15   13    4    2      0.499198663201
   14   13    4    2     -0.177444415537
   13   13    4    2      0.520781907665
   15   12    4    2     -0.014823366445
   14   12    4    2      0.004795795025
   13   12    4    2     -0.037058416058
   12   12    4    2      0.556619576165
   11    4    2    0      0.024355675090
   11   11    4    2     -4.862613762634
   10    4    2    0     -0.139115986192
   11   10    4    2      6.900251894191
   10   10    4    2     -9.745967630442
    9    4    2    0      0.203768933057
   11    9    4    2     -1.712976177684
   10    9    4    2      2.108404459227
    9    9    4    2      0.324581396246
    8    4    2    0      0.508479380450
   11    8    4    2     -0.486556093638
   10    8    4    2      1.370287006996
    9    8    4    2     -0.916869642795
    8    8    4    2     -3.245547025644
    7    4    2    0     -0.133448141376
   11    7    4    2      0.020470872236
   10    7    4    2     -0.036629014656
    9    7    4    2     -0.068464093923
    8    7    4    2     -0.112482100005
    7    7    4    2      0.068986211873
    6    4    2    0      0.006524273753
   11    6    4    2     -0.028343956004
   10    6    4    2     -0.013085843808
    9    6    4    2      0.029645358195
    8    6    4    2      0.044905862065
    7    6    4    2      0.008719213758
    6    6    4    2      0.303520200794
    5    4    2    0     -0.361869520172
   11    5    4    2     -0.019180813821
   10    5    4    2      0.243283324184
    9    5    4    2      0.016134344860
    8    5    4    2      0.143437771374
    7    5    4    2     -0.186603724759
    6    5    4    2     -0.025286974229
    5    5    4    2      0.434851483955
    4    4    2    0      0.784024044187
   11    4    4    2     -0.251109331921
   10    4    4    2      0.188642939178
    9    4    4    2     -0.854915582544
    8    4    4    2     -0.039750467834
    7    4    4    2      0.738507634141
    6    4    4    2     -0.673780018251
    5    4    4    2      1.001688465118
    4    4    4    2     -4.833926208161
    3    2    0    0      1.475519207551
   15   15    3    2      1.919171568918
   15   14    3    2      0.217118719030
   14   14    3    2      1.838340624074
   15   13    3    2      0.083708422253
   14   13    3    2      0.116843005494
   13   13    3    2     -0.319331156963
   15   12    3    2     -0.146925720085
   14   12    3    2      0.002615888231
   13   12    3    2     -1.956248386083
   12   12    3    2      1.501239825307
   11    3    2    0      0.077326004974
   11   11    3    2      2.593974694208
   10    3    2    0      0.043296365333
   11   10    3    2     -2.211767495880
   10   10    3    2      4.761230734619
    9    3    2    0     -0.688549851086
   11    9    3    2      0.716286456063
   10    9    3    2     -1.335420276446
    9    9    3    2      2.330959987832
    8    3    2    0    -13.029110121896
   11    8    3    2     -0.175704905627
   10    8    3    2     -1.379882814077
    9    8    3    2      1.846379528671
    8    8    3    2     95.958831863175
    7    3    2    0     -0.318243420572
   11    7    3    2      0.050989528579
   10    7    3    2      0.027447600619
    9    7    3    2     -0.491359821711
    8    7    3    2      0.959160290412
    7    7    3    2      2.146464735853
    6    3    2    0     -0.000935703495
   11    6    3    2     -0.027911853283
   10    6    3    2      0.020484960808
    9    6    3    2      0.041848706288
    8    6    3    2      0.034006021596
    7    6    3    2      0.003053434142
    6    6    3    2     -0.281885758407
    5    3    2    0      0.274562119702
   11    5    3    2      0.337881010822
   10    5    3    2     -0.758174131209
    9    5    3    2      1.396445443756
    8    5    3    2     -0.391075593631
    7    5    3    2      0.151285122156
    6    5    3    2      0.965261675209
    5    5    3    2     -1.065981387878
    4    3    2    0     -0.994134766532
   11    4    3    2     -1.166251084018
   10    4    3    2      1.675911206010
    9    4    3    2     -1.879079574007
    8    4    3    2      0.462576048995
    7    4    3    2     -0.089376657280
    6    4    3    2     -0.935180363540
    5    4    3    2     -0.848419390004
    4    4    3    2      3.052991429852
    3    3    2    0     -5.175308267367
   11    3    3    2      0.788938023633
   10    3    3    2     -0.288025725818
    9    3    3    2     -1.500617672043
    8    3    3    2     31.840190652805
    7    3    3    2      2.277187242674
    6    3    3    2      0.867536537442
    5    3    3    2      0.433034161034
    4    3    3    2     -0.107867545480
    3    3    3    2      3.550038899691
    2    2    0    0      7.327473076776
   15   15    2    2     23.863093737974
   15   14    2    2     -0.061036687211
   14   14    2    2     23.925574597074
   15   13    2    2      0.049642732015
   14   13    2    2      0.040714334552
   13   13    2    2     25.065448668185
   15   12    2    2     -0.029969935621
   14   12    2    2      0.009651342813
   13   12    2    2      0.176212798101
   12   12    2    2     24.227082355035
   11    2    2    0     -1.228861606310
   11   11    2    2    111.411975372844
   10    2    2    0     -0.224366272843
   11   10    2    2      1.156467544932
   10   10    2    2    -18.304148994307
    9    2    2    0      0.153848426777
   11    9    2    2      1.340725434658
   10    9    2    2     -0.572836139016
    9    9    2    2    -17.692898787150
    8    2    2    0     -5.865977217521
   11    8    2    2     -0.990508369967
   10    8    2    2      0.916994154263
    9    8    2    2     -0.899069497019
    8    8    2    2    -43.953059762356
    7    2    2    0      0.057945228675
   11    7    2    2     -0.315772349185
   10    7    2    2      0.052976983666
    9    7    2    2      0.580909286460
    8    7    2    2     -2.409941590995
    7    7    2    2    -15.854765716617
    6    2    2    0     -0.348599375282
   11    6    2    2      1.613876891378
   10    6    2    2     -2.155890153664
    9    6    2    2      2.777241068939
    8    6    2    2     -2.043506827319
    7    6    2    2     -1.014768391215
    6    6    2    2    -13.426278369960
    5    2    2    0     -0.617914237907
   11    5    2    2     -0.512058704109
   10    5    2    2      0.578704557038
    9    5    2    2     -0.478415376940
    8    5    2    2      0.029043853419
    7    5    2    2     -0.171585229272
    6    5    2    2     -0.291304980359
    5    5    2    2    -13.300885595707
    4    2    2    0      1.187367239291
   11    4    2    2      0.436937856125
   10    4    2    2     -0.702630422347
    9    4    2    2      1.554707289096
    8    4    2    2     -1.293606095706
    7    4    2    2      0.104311925706
    6    4    2    2      0.953555941975
    5    4    2    2      0.551846978251
    4    4    2    2    -19.871502862094
    3    2    2    0     -5.582728982359
   11    3    2    2      0.333542360422
   10    3    2    2     -1.208344712139
    9    3    2    2      4.812842786616
    8    3    2    2     26.695077904318
    7    3    2    2     -1.797055620607
    6    3    2    2      1.665280522015
    5    3    2    2     -1.200808376268
    4    3    2    2      1.471402036049
    3    3    2    2      6.423217316749
    2    2    2    0    -33.050684428502
   11    2    2    2      0.097830428828
   10    2    2    2      0.731251012376
    9    2    2    2     -3.730441288368
    8    2    2    2    -35.841601851142
    7    2    2    2      1.393569004455
    6    2    2    2     -0.588448154131
    5    2    2    2      1.838102897098
    4    2    2    2     -2.783418355693
    3    2    2    2      1.992763474888
    2    2    2    2     46.039175925204
    1    0    0    0      0.000000003610
   15   15    1    0      4.297036889280
   15   14    1    0      0.027308266324
   14   14    1    0      4.283530850536
   15   13    1    0     -0.019330197965
   14   13    1    0     -0.002503252813
   13   13    1    0      4.334297845058
   15   12    1    0     -0.000387124757
   14   12    1    0      0.001172629483
   13   12    1    0      0.006077153965
   12   12    1    0      4.283883448187
   11    1    0    0     -0.053568974383
   15   15   11    1      0.334327214343
   15   14   11    1     -0.088504208387
   14   14   11    1      0.252624276057
   15   13   11    1      0.034442527047
   14   13   11    1     -0.004795791554
   13   13   11    1     -0.914323419625
   15   12   11    1      0.015259347311
   14   12   11    1      0.010463552505
   13   12   11    1      0.028338788743
   12   12   11    1      0.245997377766
   11   11    1    0      4.858412985208
   11   11   11    1     -0.187198164327
   10    1    0    0     -0.031829889543
   15   15   10    1   -491.096114580113
   15   14   10    1      0.005231765466
   14   14   10    1   -490.951979206201
   15   13   10    1     -0.052753744118
   14   13   10    1      0.047085983187
   13   13   10    1   -489.850515725060
   15   12   10    1      0.010027571888
   14   12   10    1      0.012643458416
   13   12   10    1      0.028774769344
   12   12   10    1   -491.021125836246
   11   10    1    0      4.660690519527
   11   11   10    1   -465.062216709205
   10   10    1    0      4.730300529194
   11   10   10    1      0.563643342056
   10   10   10    1   -518.071379598005
    9    1    0    0     -0.005212102617
   15   15    9    1   -490.750764399072
   15   14    9    1     -0.035750471601
   14   14    9    1   -490.757827264578
   15   13    9    1      1.941425019543
   14   13    9    1      1.864256318718
   13   13    9    1   -491.572153283064
   15   12    9    1     -0.005667757442
   14   12    9    1     -0.015259347839
   13   12    9    1     -1.835917528937
   12   12    9    1   -492.349508056576
   11    9    1    0      4.815431017979
   11   11    9    1   -464.964301945922
   10    9    1    0      6.802561376073
   11   10    9    1     -0.808575249176
   10   10    9    1   -465.391956502866
    9    9    1    0      4.442698242213
   11    9    9    1      0.619182799109
   10    9    9    1   -465.115321626612
    9    9    9    1   -518.099302839596
    8    1    0    0      0.007199978339
   15   15    8    1   -491.139669381995
   15   14    8    1      0.027902807518
   14   14    8    1   -491.186493777084
   15   13    8    1     -0.011335515549
   14   13    8    1      0.036622434692
   13   13    8    1   -489.951620160364
   15   12    8    1     -0.011771496832
   14   12    8    1     -0.027902807375
   13   12    8    1      0.042726173810
   12   12    8    1   -490.840237380910
   11    8    1    0      4.772567529203
   11   11    8    1   -465.118767107608
   10    8    1    0      4.161635032888
   11   10    8    1      0.213651558261
   10   10    8    1   -465.395066068696
    9    8    1    0      2.845596196894
   11    9    8    1     -0.065832685921
   10    9    8    1      1.039387321233
    9    9    8    1   -465.518485067097
    8    8    1    0      3.512802662122
   11    8    8    1     -0.153780534642
   10    8    8    1   -464.398826107350
    9    8    8    1   -464.667348470989
    8    8    8    1   -515.874959730199
    7    1    0    0     -0.001613996834
   15   15    7    1   -490.953373930808
   15   14    7    1     -0.005231765777
   14   14    7    1   -490.936980996181
   15   13    7    1      0.001307942980
   14   13    7    1     -0.021363082506
   13   13    7    1   -490.949624418641
   15   12    7    1     -0.008283645815
   14   12    7    1      0.010027571436
   13   12    7    1      0.003923832592
   12   12    7    1   -490.881960163618
   11    7    1    0      4.765887100916
   11   11    7    1   -464.988031106804
   10    7    1    0      1.339065909528
   11   10    7    1     -0.028080775062
   10   10    7    1   -465.099480428353
    9    7    1    0      0.046574831547
   11    9    7    1      0.014234506380
   10    9    7    1      0.009955318471
    9    9    7    1   -464.782207507932
    8    7    1    0     -2.131138047732
   11    8    7    1     -0.984017912831
   10    8    7    1      0.001291516504
    9    8    7    1      0.898994448220
    8    8    7    1   -466.137842371150
    7    7    1    0      3.745319719471
   11    7    7    1     -0.249283064591
   10    7    7    1   -464.952954899514
    9    7    7    1   -465.314429012930
    8    7    7    1   -464.524401535470
    7    7    7    1   -518.229954978641
    6    1    0    0     -0.032356507055
   15   15    6    1   -491.380872756863
   15   14    6    1     -2.008130169351
   14   14    6    1   -492.948836125666
   15   13    6    1     -0.021799068163
   14   13    6    1     -0.021363087210
   13   13    6    1   -491.378344058854
   15   12    6    1     -0.002615888228
   14   12    6    1     -0.017875236024
   13   12    6    1      1.981099323938
   12   12    6    1   -492.974733437144
   11    6    1    0      4.773281225692
   11   11    6    1   -464.479992170733
   10    6    1    0      4.654394977401
   11   10    6    1     -0.878886126404
   10   10    6    1   -464.411525625623
    9    6    1    0      3.356417422545
   11    9    6    1     -0.021786325223
   10    9    6    1     -0.026558442094
    9    9    6    1   -464.252525031574
    8    6    1    0      0.752772527644
   11    8    6    1     -1.969763826339
   10    8    6    1      1.025865065959
    9    8    6    1      0.000435669433
    8    8    6    1   -464.362302742548
    7    6    1    0     -2.099862929076
   11    7    6    1      0.005166991190
   10    7    6    1     -0.007878229126
    9    7    6    1      0.006534995717
    8    7    6    1     -0.006540714075
    7    7    6    1   -465.081599764546
    6    6    1    0      4.219819759780
   11    6    6    1      0.353439191731
   10    6    6    1   -465.133015443212
    9    6    6    1   -464.200019036226
    8    6    6    1   -465.185529434483
    7    6    6    1   -464.905872937128
    6    6    6    1   -517.114088643342
    5    1    0    0     -0.028335845388
   15   15    5    1   -490.957786553557
   15   14    5    1      0.112483191886
   14   14    5    1   -490.991880297152
   15   13    5    1     -0.024850937831
   14   13    5    1      0.010027571402
   13   13    5    1   -490.893261316004
   15   12    5    1      0.022235049615
   14   12    5    1      0.009591590159
   13   12    5    1      0.008719627372
   12   12    5    1   -490.858295605810
   11    5    1    0      4.753073033283
   11   11    5    1   -464.675004278640
   10    5    1    0      4.522448097336
   11   10    5    1     -0.357409668535
   10   10    5    1   -464.376836813984
    9    5    1    0      3.169208743703
   11    9    5    1      0.108971694161
   10    9    5    1     -0.186157367204
    9    9    5    1   -464.905566576580
    8    5    1    0      0.538818326535
   11    8    5    1      0.017439491944
   10    8    5    1     -0.040544765364
    9    8    5    1      0.060164726252
    8    8    5    1   -465.044453546891
    7    5    1    0     -2.259303643846
   11    7    5    1     -0.003948428780
   10    7    5    1      0.029593584174
    9    7    5    1     -0.014823010611
    8    7    5    1     -0.015695969470
    7    7    5    1   -464.995935525350
    6    5    1    0      1.049525732815
   11    6    5    1      0.024412334457
   10    6    5    1      0.011335350127
    9    6    5    1     -0.002618223988
    8    6    5    1      0.026158626478
    7    6    5    1      0.017003760252
    6    6    5    1   -464.968615565405
    5    5    1    0      4.203341437403
   11    5    5    1      0.215352348897
   10    5    5    1   -465.117773646776
    9    5    5    1   -464.599111636911
    8    5    5    1   -465.169163367595
    7    5    5    1   -465.115541758123
    6    5    5    1   -464.061364315833
    5    5    5    1   -518.117950902563
    4    1    0    0     -0.031917837119
   15   15    4    1   -490.772227902183
   15   14    4    1     -0.148233663550
   14   14    4    1   -490.706830696812
   15   13    4    1      0.071500943862
   14   13    4    1     -0.013951403412
   13   13    4    1   -490.864045574884
   15   12    4    1     -0.000000000008
   14   12    4    1     -0.006975701822
   13   12    4    1      0.014387385109
   12   12    4    1   -490.899796045560
   11    4    1    0      4.781168405696
   11   11    4    1   -465.360778622464
   10    4    1    0      4.208896758178
   11   10    4    1      0.538888487074
   10   10    4    1   -465.775475429318
    9    4    1    0      2.981952633937
   11    9    4    1     -0.189200658894
   10    9    4    1      0.205348639712
    9    9    4    1   -465.083092592430
    8    4    1    0      0.374959897054
   11    8    4    1     -0.010899313440
   10    8    4    1      0.043161894092
    9    8    4    1      0.016130823900
    8    8    4    1   -465.010786419607
    7    4    1    0     -2.523374138895
   11    7    4    1      0.024396580531
   10    7    4    1     -0.013085572498
    9    7    4    1     -0.007838917687
    8    7    4    1     -0.009155750803
    7    7    4    1   -464.998533354775
    6    4    1    0      0.806205070637
   11    6    4    1      0.033568567180
   10    6    4    1      0.009590756771
    9    6    4    1     -0.004797135270
    8    6    4    1     -0.021799225583
    7    6    4    1     -0.011771664740
    6    6    4    1   -464.999562937428
    5    4    1    0      0.620568815274
   11    5    4    1      0.029644418192
   10    5    4    1     -0.015264695544
    9    5    4    1      0.031822872076
    8    5    4    1      1.098236810568
    7    5    4    1     -0.024849094992
    6    5    4    1     -0.006104651892
    5    5    4    1   -465.121816542156
    4    4    1    0      4.207528964046
   11    4    4    1      0.239101772836
   10    4    4    1   -465.163156677682
    9    4    4    1   -464.709516590982
    8    4    4    1   -465.438264501961
    7    4    4    1   -465.024276660050
    6    4    4    1   -464.073749927390
    5    4    4    1   -464.956318716289
    4    4    4    1   -518.559217762114
    3    1    0    0     -0.140236260845
   15   15    3    1   -491.004469954016
   15   14    3    1      0.023978975517
   14   14    3    1   -491.020862853745
   15   13    3    1     -0.017875236035
   14   13    3    1      0.004359813771
   13   13    3    1   -490.993134432596
   15   12    3    1     -0.000435981378
   14   12    3    1     -0.003487850875
   13   12    3    1     -0.009591590034
   12   12    3    1   -490.912739469184
   11    3    1    0      4.772395019065
   11   11    3    1   -464.983461159357
   10    3    1    0      4.304341392584
   11   10    3    1     -0.247598351784
   10   10    3    1   -464.889918912790
    9    3    1    0      2.983529446993
   11    9    3    1      0.056248139672
   10    9    3    1     -0.044047007537
    9    9    3    1   -465.114033903821
    8    3    1    0      0.713335494349
   11    8    3    1     -0.014388138593
   10    8    3    1     -0.041417875542
    9    8    3    1      0.081528383159
    8    8    3    1   -467.287187919190
    7    3    1    0     -2.350511484577
   11    7    3    1      0.019608213123
   10    7    3    1     -0.029194671896
    9    7    3    1     -0.089801543608
    8    7    3    1      0.139078021994
    7    7    3    1   -465.208608025872
    6    3    1    0      0.867643221168
   11    6    3    1      0.012647081059
   10    6    3    1      0.006534225930
    9    6    3    1     -0.014825557409
    8    6    3    1     -0.012643600954
    7    6    3    1     -0.017437758916
    6    6    3    1   -465.155797755437
    5    3    1    0      0.720160057764
   11    5    3    1      0.003923095224
   10    5    3    1     -0.010468130410
    9    5    3    1      0.054930917729
    8    5    3    1     -0.035314621351
    7    5    3    1     -0.006973032288
    6    5    3    1     -0.011336805461
    5    5    3    1   -465.112602540916
    4    3    1    0      0.432615206256
   11    4    3    1     -0.020055587321
   10    4    3    1      0.053624141159
    9    4    3    1      0.064088828440
    8    4    3    1      0.069320983975
    7    4    3    1     -0.009591608757
    6    4    3    1      0.009591413282
    5    4    3    1     -0.074552929797
    4    4    3    1   -464.791496309415
    3    3    1    0      4.444992939396
   11    3    3    1      0.282339799579
   10    3    3    1   -465.115983397759
    9    3    3    1   -464.876350530519
    8    3    3    1   -466.215742189373
    7    3    3    1   -464.753434117661
    6    3    3    1   -464.064136534297
    5    3    3    1   -464.988380005775
    4    3    3    1   -465.056888726925
    3    3    3    1   -517.735683402461
    2    1    0    0      0.083573498165
   15   15    2    1   -491.032425645693
   15   14    2    1     -0.019183180036
   14   14    2    1   -490.999727041977
   15   13    2    1     -0.004795795019
   14   13    2    1      0.005667757799
   13   13    2    1   -491.023618821225
   15   12    2    1      0.020927105529
   14   12    2    1     -0.020491124171
   13   12    2    1      0.010463552774
   12   12    2    1   -491.001209382409
   11    2    1    0      4.777173148347
   11   11    2    1   -465.492938512319
   10    2    1    0      3.958281502310
   11   10    2    1      0.441183488604
   10   10    2    1   -465.657852670631
    9    2    1    0      2.651473681009
   11    9    2    1     -0.114230247706
   10    9    2    1      0.029208414963
    9    9    2    1   -465.270742933419
    8    2    1    0     -0.805305831394
   11    8    2    1     -0.040112268518
   10    8    2    1      0.008717623691
    9    8    2    1      0.349220060997
    8    8    2    1   -462.231304720704
    7    2    1    0     -2.872367569050
   11    7    2    1     -0.003491255953
   10    7    2    1     -0.034874552141
    9    7    2    1      0.038359187748
    8    7    2    1     -0.671846506030
    7    7    2    1   -464.697975697010
    6    2    1    0      0.531459141312
   11    6    2    1      0.012206017350
   10    6    2    1      0.008281011285
    9    6    2    1     -0.005232599474
    8    6    2    1     -0.020927344329
    7    6    2    1      0.013080110004
    6    6    2    1   -465.616219500252
    5    2    1    0      0.322779289847
   11    5    2    1      0.031823589934
   10    5    2    1     -0.063219336024
    9    5    2    1      0.036621649936
    8    5    2    1      0.054933486219
    7    5    2    1      0.003924253706
    6    5    2    1     -0.010027885281
    5    5    2    1   -465.192356139944
    4    2    1    0      0.183610413177
   11    4    2    1     -0.020491011196
   10    4    2    1      0.031390576321
    9    4    2    1     -0.025722354115
    8    4    2    1      0.012643445226
    7    4    2    1      0.063652920232
    6    4    2    1     -0.000000001331
    5    4    2    1      0.087632543318
    4    4    2    1   -465.707753215049
    3    2    1    0      0.043535599113
   11    3    2    1     -0.011772718977
   10    3    2    1      0.017439270304
    9    3    2    1      0.165672602753
    8    3    2    1     -0.691902539353
    7    3    2    1      0.780842381406
    6    3    2    1      0.001307766538
    5    3    2    1     -0.044034137335
    4    3    2    1     -0.834468306339
    3    3    2    1   -465.956150857249
    2    2    1    0      3.474112221473
   11    2    2    1      0.240264291026
   10    2    2    1   -465.106188557828
    9    2    2    1   -464.655902091294
    8    2    2    1   -463.037192062631
    7    2    2    1   -464.909761612259
    6    2    2    1   -463.897792760579
    5    2    2    1   -464.894342140697
    4    2    2    1   -465.124320383649
    3    2    2    1   -463.446035463303
    2    2    2    1   -516.658015314779
    1    1    0    0      5.845327187401
   15   15    1    1   -370.484882705105
   15   14    1    1     -0.108620938048
   14   14    1    1   -370.600511383663
   15   13    1    1      0.218205583809
   14   13    1    1      0.210971285851
   13   13    1    1   -370.894721659850
   15   12    1    1     -0.061161288600
   14   12    1    1     -0.010628020267
   13   12    1    1     -0.040382741881
   12   12    1    1   -370.742807512681
   11    1    1    0     -3.167750213338
   11   11    1    1    307.887491713588
   10    1    1    0      2.033148540700
   11   10    1    1      0.825559986399
   10   10    1    1   -492.704060924111
    9    1    1    0      0.720478226829
   11    9    1    1     -0.563828132021
   10    9    1    1      0.746161448442
    9    9    1    1   -493.551331971892
    8    1    1    0     -1.770448262790
   11    8    1    1      0.904604252393
   10    8    1    1     -0.404453413779
    9    8    1    1      0.263012903922
    8    8    1    1   -494.258893922756
    7    1    1    0     -5.072989907393
   11    7    1    1     -0.110568927751
   10    7    1    1      0.124381432150
    9    7    1    1      0.625843172618
    8    7    1    1      0.184929011489
    7    7    1    1   -492.949295732580
    6    1    1    0     -1.610181940583
   11    6    1    1     -0.840674833784
   10    6    1    1      0.673076527100
    9    6    1    1     -1.277878610025
    8    6    1    1      0.774185139914
    7    6    1    1     -0.604498747109
    6    6    1    1   -493.451020749634
    5    1    1    0     -1.743684004733
   11    5    1    1     -0.135058252993
   10    5    1    1      0.215436544222
    9    5    1    1     -0.144025676649
    8    5    1    1      0.010263356146
    7    5    1    1      0.027132442220
    6    5    1    1     -0.329268992492
    5    5    1    1   -494.626249787113
    4    1    1    0     -2.016053181415
   11    4    1    1      0.042676060006
   10    4    1    1     -0.053130017670
    9    4    1    1      0.157688611615
    8    4    1    1     -0.051439298414
    7    4    1    1     -0.030954017335
    6    4    1    1      0.293412948576
    5    4    1    1      0.761117713030
    4    4    1    1   -494.723144953274
    3    1    1    0     -2.034460350857
   11    3    1    1      0.038283324730
   10    3    1    1     -0.031596876671
    9    3    1    1     -0.011613784963
    8    3    1    1      0.233557827715
    7    3    1    1     -0.172253972009
    6    3    1    1      0.101157895246
    5    3    1    1     -0.014581441634
    4    3    1    1     -0.036288559413
    3    3    1    1   -494.905221206368
    2    1    1    0     -1.915749694988
   11    2    1    1     -0.030436096367
   10    2    1    1      0.050521521960
    9    2    1    1     -0.118308970203
    8    2    1    1     -0.765089330686
    7    2    1    1      0.067050852928
    6    2    1    1     -0.341361051076
    5    2    1    1     -0.096806146355
    4    2    1    1      0.199465926090
    3    2    1    1      0.065423683467
    2    2    1    1   -496.234015956843
    1    1    1    0    -14.644077631871
   11    1    1    1     -0.075242156705
   10    1    1    1  -2820.329043928462
    9    1    1    1  -2820.943751973388
    8    1    1    1  -2821.871433813583
    7    1    1    1  -2820.615597824000
    6    1    1    1  -2820.500056157901
    5    1    1    1  -2820.709236565945
    4    1    1    1  -2820.647704545335
    3    1    1    1  -2820.949998716070
    2    1    1    1  -2821.975305083512
    1    1    1    1  -6088.746364437285
